16 124 82
96 33 45 69 43 6 19 1 100 11 14 9 86 77 2 65 
40 40 68 63 64 33 29 4 72 79 62 88 51 89 76 61 
97 41 16 7 74 73 76 4 85 97 88 98 41 29 56 20 
38 10 38 50 57 44 55 35 63 40 53 56 44 11 39 91 
7 94 39 92 71 17 7 31 20 64 11 41 36 58 35 59 
88 91 67 75 46 43 89 53 89 33 16 59 31 92 78 19 
38 33 47 78 47 75 36 46 53 18 78 7 98 36 42 71 
34 19 6 5 91 2 69 17 90 21 12 81 2 15 20 42 
4 20 58 85 42 99 60 98 20 50 35 70 33 4 22 14 
13 2 11 5 94 47 17 37 74 93 92 40 26 99 20 40 
27 32 39 73 33 95 6 33 93 14 97 24 89 97 61 78 
62 73 35 85 29 30 63 48 60 15 97 68 95 9 37 73 
35 16 30 28 85 68 18 97 59 34 65 25 37 19 90 6 
73 62 76 73 48 86 54 64 26 7 49 34 35 24 77 85 
51 93 30 17 61 7 87 64 85 71 96 1 65 90 21 73 
79 6 15 50 74 55 97 86 41 1 66 98 58 45 1 46 
8 12
5 9
6 6
11 3
13 16
6 12
2 7
1 6
5 8
4 16
10 14
12 6
1 5
5 6
2 11
2 15
16 13
9 2
8 13
2 2
1 8
16 11
7 6
16 5
4 2
1 3
15 11
9 7
4 5
2 13
16 7
11 6
11 9
7 3
3 12
14 1
11 14
4 9
11 10
3 4
2 5
6 9
13 9
14 4
14 9
8 2
3 11
6 3
7 9
1 11
13 8
4 3
14 7
1 13
3 13
6 11
16 3
1 14
11 7
13 5
8 8
10 8
3 6
9 13
16 9
4 7
2 10
10 13
14 12
12 12
16 14
10 6
5 2
9 12
5 5
2 16
10 16
5 7
13 13
7 8
15 16
5 1
1 7
7 15
8 15
15 9
14 8
14 6
12 5
12 7
10 2
15 14
7 14
10 15
11 16
1 1
8 10
3 2
4 13
16 15
15 3
7 11
11 5
14 2
2 4
13 14
9 9
6 16
12 10
7 4
15 8
9 5
10 3
7 16
3 1
11 12
13 12
10 5
6 1
5 11
7 7
6 10
15 2
9 15
